TJO180  1946  1078  1180  1384   903                                              
TJO180  1950   963  1053  1134  1277  1267  1339  1916  1284  1354  1262          
TJO180  1960  1525   950  1051   802  1081  1612  1837  2312  3054  3371          
TJO180  1970  3605  3968  3604  2710  2377  2659  2057  1188  1610  1899          
TJO180  1980  2033  1792  1947  1724  2405  1719  1109  1200  1129  1320          
TJO180  1990  1186   748  1266  1271  1162  1972  1386  1078  1225   837          
TJO180  2000   986  1147  1025  1375  1433  1079   842  1049  1286 -9999          
TJ190A  1875  1831  1362  1400  1986  1643                                        
TJ190A  1880  2981  2523  2505  2141  2555  2403  2971  2560  2083  2562          
TJ190A  1890  2359  1848  1587  1091  1193  1382  2313  1575   812  1165          
TJ190A  1900   918  1262  1155  1001   886  1046   914   721   546   549          
TJ190A  1910   447   397   573   319   348   299   415   308   250   182          
TJ190A  1920   264   300   269   298   317   747  1032  1755  2370  2643          
TJ190A  1930  2147  2108  1316  2320  2427  2848  1676  2044  2541  1978          
TJ190A  1940  1596  2113  1640  2323  1598  3239  2501  2089  2260  2345          
TJ190A  1950  2159  2274  2533  1888  1465  1382  1071  1027  1372   935          
TJ190A  1960  1306  1312  1266  1198   982  1043  1096  1454  1463  2050          
TJ190A  1970  2275  2465  2398  2505  2151  2573  3020  2431  2848  2930          
TJ190A  1980  2918  2512  1735  1738  1906  1883  2053  2512  2501  2918          
TJ190A  1990  3848  2653  2121  3811  3602  2347  1793  2293  2176  1950          
TJ190A  2000  1352  1308  1710  1471  1690  1635  1133  1319  1463  1629          
TJ190A  2010 -9999                                                                
